41	57	44	88	64	60	30	29	81	90	47	74	69	97	93	1	28	63	0	96	
63	80	50	60	31	5	83	91	15	82	84	6	65	70	74	70	58	65	48	90	
48	65	59	80	30	42	35	43	91	58	48	59	59	37	33	54	54	36	21	94	
14	9	23	18	44	28	89	96	86	58	85	93	87	58	20	93	2	7	89	60	
57	9	18	16	18	52	68	26	69	14	15	88	92	60	0	38	75	58	64	26	
37	25	85	57	18	53	57	92	2	88	97	0	31	49	44	55	73	18	20	33	
73	27	58	45	7	59	89	6	12	41	71	61	72	85	93	83	90	8	27	16	
16	9	27	3	67	89	25	18	32	63	7	1	35	76	27	83	47	63	77	66	
18	64	19	37	18	12	67	69	61	48	12	79	93	68	75	47	48	22	9	76	
17	34	73	5	34	62	93	90	52	90	81	70	43	45	65	88	34	73	7	62	
61	98	35	44	27	54	46	94	75	74	65	12	7	61	49	22	52	98	74	66	
92	10	14	84	30	49	50	29	44	27	25	42	19	62	74	49	15	86	6	63	
9	11	93	11	1	36	28	6	90	68	25	3	72	15	65	95	9	7	3	38	
5	78	50	19	6	80	29	51	15	28	64	22	67	5	18	70	72	32	47	97	
20	47	83	30	50	64	14	87	82	44	7	2	80	52	9	53	22	5	4	8	
8	55	29	38	9	61	34	29	68	26	0	78	13	49	15	68	8	77	44	15	
27	7	90	92	60	17	36	21	37	19	16	29	63	51	29	74	96	48	9	9	
2	16	70	83	26	79	55	21	74	11	13	87	78	79	16	76	33	9	1	78	
9	76	66	76	12	61	97	62	3	6	26	6	33	64	96	59	75	52	17	47	
31	23	67	20	8	54	57	69	47	75	33	35	76	8	44	56	57	60	99	30	
54	70	15	10	99	33	28	83	6	96	31	18	37	74	32	10	63	76	74	74	
87	80	29	77	6	20	44	49	54	3	26	28	65	2	46	36	95	28	39	73	
38	81	98	91	59	22	48	27	14	60	48	46	71	76	72	89	31	54	11	43	
46	71	8	64	37	4	22	17	18	68	98	45	88	58	9	75	69	3	61	7	
37	47	65	44	52	60	45	82	8	81	19	65	6	65	7	62	44	13	98	97	
21	40	11	23	27	86	26	90	18	57	34	1	99	46	15	93	75	79	64	84	
87	65	9	27	21	97	80	93	95	48	22	84	3	45	81	26	23	1	31	29	
1	16	38	27	23	11	61	29	65	97	86	99	62	60	15	76	94	27	70	58	
25	80	23	37	93	3	11	75	22	60	29	28	60	88	6	45	5	17	29	83	
29	15	13	42	93	79	19	81	57	98	52	31	65	57	14	46	2	77	78	45	
73	98	94	65	11	9	71	49	98	62	98	3	48	67	24	83	1	6	8	45	
29	3	57	86	17	54	77	63	11	84	34	22	70	7	56	79	66	0	50	65	
68	3	23	69	22	26	20	65	75	75	9	21	9	36	47	9	66	39	11	61	
87	92	54	79	74	98	80	25	31	26	73	97	87	94	43	58	41	76	25	85	
78	69	51	19	99	63	22	79	48	12	53	40	32	59	99	84	28	50	96	42	
71	10	12	48	75	79	59	34	88	35	87	89	26	70	85	6	21	40	84	93	
27	8	50	2	55	71	29	14	43	2	80	62	82	63	55	0	42	48	95	18	
64	38	2	54	35	65	7	80	7	8	63	67	59	24	98	0	70	92	92	56	
85	0	15	71	15	79	18	63	53	50	44	24	0	15	21	0	83	27	32	58	
39	43	0	52	94	10	35	39	39	35	90	90	6	17	11	49	0	59	64	3	
29	97	44	20	52	55	50	47	48	31	59	78	80	92	37	97	28	15	99	24	
55	4	0	51	25	17	50	12	94	54	66	66	39	55	28	7	6	11	0	13	
58	84	84	65	46	6	78	93	64	12	13	98	66	22	27	43	78	3	72	27	
13	71	8	41	92	53	99	57	77	65	63	65	10	62	17	1	37	9	72	12	
19	53	41	34	96	43	73	26	6	81	27	36	13	79	35	81	97	71	71	26	
3	97	17	46	20	5	52	48	48	93	45	58	4	20	34	2	84	99	80	89	
72	37	97	73	22	37	38	69	96	0	94	21	33	1	71	53	30	42	97	37	
83	99	20	56	1	2	95	75	78	1	83	13	65	61	99	45	23	55	56	19	
99	51	2	48	0	79	33	42	39	22	87	65	81	70	45	27	14	55	11	28	
56	65	70	40	92	91	58	41	46	70	24	20	27	46	8	38	13	68	90	6	
35	74	22	95	75	99	52	86	38	45	77	5	3	35	47	43	83	49	40	98	
23	67	52	51	69	19	83	47	7	67	62	78	83	13	99	81	84	13	83	89	
6	7	18	56	33	41	41	88	94	36	75	38	27	7	30	75	62	42	31	51	
57	96	59	94	33	60	44	95	0	54	98	45	45	72	92	6	94	74	40	7	
59	81	70	40	75	28	92	84	21	97	40	6	87	59	72	65	15	1	91	70	
67	35	56	18	2	24	90	61	21	62	24	80	32	17	94	2	49	8	73	35	
43	45	64	3	9	30	5	94	53	71	68	11	54	53	61	21	81	78	31	33	
45	64	92	42	89	26	57	35	86	90	83	9	12	94	12	9	78	81	14	13	
76	52	37	92	89	2	45	40	3	46	32	70	42	23	10	94	6	39	28	79	
37	22	53	96	52	93	44	83	25	94	37	9	55	2	54	72	68	82	74	22	
54	37	85	33	79	95	95	25	75	87	68	69	46	90	33	17	20	49	92	80	
13	34	45	85	85	31	38	83	53	70	40	62	47	9	65	22	25	41	92	69	
23	94	0	86	5	95	12	49	24	8	95	39	23	90	64	26	87	81	1	30	
35	13	19	2	20	50	34	14	18	45	68	73	83	92	7	67	43	11	53	21	
91	10	58	8	80	35	96	53	54	69	80	36	29	4	74	40	73	42	40	79	
64	2	92	74	65	77	91	88	40	35	83	30	24	56	65	37	71	38	27	2	
51	92	96	43	62	73	64	70	28	93	22	38	86	53	94	16	76	89	80	7	
75	71	83	0	20	13	50	5	44	57	34	80	4	71	59	15	98	64	40	59	
48	22	96	46	74	15	53	22	74	34	65	12	88	54	51	99	39	77	88	40	
75	80	45	50	43	48	89	44	86	51	91	17	5	64	93	45	22	61	10	98	
68	34	9	49	97	33	29	79	14	44	88	10	24	57	56	36	44	31	15	82	
75	19	5	23	10	27	89	26	33	12	0	12	69	77	25	40	16	54	10	80	
41	6	29	13	68	61	0	76	25	73	52	57	47	78	63	65	77	63	40	29	
68	58	56	38	59	85	57	78	39	15	61	32	62	96	98	49	24	43	16	47	
29	64	19	83	71	49	13	14	99	38	97	46	90	20	60	41	52	73	97	34	
55	10	65	93	97	67	5	62	13	38	9	17	65	56	6	84	82	13	63	55	
41	96	40	93	27	25	8	24	15	15	5	9	13	53	3	57	63	34	64	6	
57	28	39	30	65	77	69	84	93	61	55	45	70	99	83	0	22	73	43	66	
14	82	80	95	78	23	90	72	52	66	2	23	6	61	53	74	47	60	86	68	
74	83	65	20	63	93	48	79	39	94	62	68	52	35	72	42	35	78	13	41	
54	2	76	39	76	58	28	46	39	6	63	19	82	47	82	78	57	82	35	75	
3	69	25	67	32	36	47	82	3	0	63	92	47	78	58	56	21	48	69	3	
86	19	53	32	25	16	79	88	69	6	97	49	83	62	32	19	85	33	36	25	
16	6	20	99	50	41	93	58	2	7	24	24	21	98	52	60	51	64	20	99	
20	42	87	59	95	27	4	59	92	28	10	56	10	82	74	17	51	93	13	5	
53	4	68	73	72	59	68	42	27	89	37	92	46	50	84	41	71	21	2	91	
71	24	39	46	17	15	17	75	7	0	84	38	90	4	27	78	15	7	60	4	
94	59	17	51	82	92	74	62	2	82	74	8	56	69	98	68	61	60	34	20	
65	6	45	47	51	71	52	36	35	27	14	37	27	32	25	70	28	71	48	33	
2	94	47	83	55	51	5	36	96	17	2	8	84	77	9	87	85	91	82	23	
54	6	59	85	68	43	41	72	41	13	98	68	85	2	31	8	90	54	47	89	
81	24	31	2	46	47	31	47	9	60	1	84	91	17	33	35	60	73	63	4	
50	56	61	60	79	2	63	25	39	83	3	84	20	64	35	50	65	37	56	27	
98	63	14	9	85	57	85	44	34	36	7	44	42	4	15	99	95	30	80	19	
66	74	36	21	57	69	79	40	52	68	29	91	71	83	96	7	18	5	22	70	
63	13	0	38	33	44	80	57	0	87	47	78	89	72	25	20	7	30	72	88	
16	23	33	25	76	93	56	98	92	82	67	24	73	28	65	12	62	73	87	19	
64	57	96	30	12	60	15	19	6	20	45	7	51	79	97	32	32	29	46	35	
22	40	87	79	25	21	98	2	14	83	78	81	62	62	92	21	61	86	3	26	
93	18	51	9	35	88	16	94	6	74	76	19	57	60	18	64	16	41	67	12	
33	11	41	26	68	98	18	34	83	78	95	74	76	90	56	35	47	6	95	90	
26	41	45	50	85	41	17	43	56	58	87	20	36	32	63	56	63	49	90	14	
75	0	73	13	0	53	64	21	36	77	13	33	50	92	38	84	82	40	2	71	
86	73	37	68	61	40	74	53	51	46	76	77	71	73	12	27	23	93	67	25	
22	17	99	77	96	6	28	52	33	57	12	28	30	54	52	19	63	55	79	52	
54	75	10	3	69	74	71	41	23	22	38	62	66	73	62	84	62	37	63	81	
81	57	83	92	17	89	67	37	23	38	12	36	11	33	91	2	19	88	36	3	
35	44	53	99	54	87	60	70	88	74	44	64	14	83	42	60	26	96	93	67	
59	35	24	32	60	53	57	41	23	80	75	19	74	81	24	0	28	70	94	59	
29	27	19	61	92	57	93	47	6	68	42	80	24	94	29	20	11	79	96	3	
33	68	85	28	59	53	46	20	42	46	86	77	0	14	3	28	55	70	77	3	
15	81	6	17	31	13	57	81	81	0	51	64	21	70	24	20	34	68	2	79	
91	90	39	37	72	59	57	84	60	37	53	10	15	10	95	53	38	62	19	33	
9	51	69	42	61	51	62	28	41	81	46	10	53	58	11	10	77	96	62	36	
34	67	32	5	88	34	74	10	15	72	3	14	40	14	1	4	83	83	36	93	
98	20	89	33	22	29	13	48	91	26	52	69	12	58	49	55	65	23	16	25	
71	86	42	26	16	59	78	45	50	29	71	78	41	42	80	37	95	79	31	28	
23	35	43	3	97	53	73	2	23	92	90	69	79	2	65	58	17	18	83	72	
76	36	64	34	71	7	85	65	25	65	20	96	50	61	55	12	1	62	38	75	
5	44	31	70	65	28	69	69	95	38	56	85	0	77	88	24	86	20	28	56	
38	79	8	50	13	31	99	81	26	83	36	17	84	83	11	57	88	42	11	5	
89	88	46	69	34	95	46	6	11	71	12	96	56	60	12	67	34	15	22	45	
57	86	53	9	96	1	18	12	25	8	46	89	67	38	17	17	80	98	62	13	
11	56	89	29	89	95	52	88	33	67	66	56	43	65	45	99	65	25	22	26	
36	25	11	85	40	56	71	51	29	36	61	82	39	39	94	82	54	54	74	10	
96	21	79	35	81	73	59	15	98	67	52	5	44	98	34	87	23	69	41	62	
37	78	43	43	33	26	15	66	17	72	95	31	10	15	47	30	35	57	43	82	
60	44	45	41	63	95	27	30	85	51	94	66	74	98	56	58	79	83	25	10	
28	7	72	16	48	98	97	8	30	13	87	51	6	22	25	75	46	78	86	38	
84	69	29	75	6	10	9	12	59	99	69	13	58	77	58	25	47	39	92	58	
46	24	36	9	32	19	7	44	77	76	63	5	59	39	23	53	2	28	90	23	
37	6	70	80	65	14	87	17	0	31	73	97	28	5	98	16	87	54	90	96	
98	27	61	65	79	26	19	19	3	32	50	58	79	1	55	89	60	24	85	7	
68	2	15	33	62	74	46	57	44	44	44	58	13	77	99	66	44	7	97	21	
31	57	42	88	61	63	60	10	27	20	63	16	48	66	7	83	80	67	68	11	
58	67	61	80	32	60	66	29	72	28	97	18	54	28	75	38	16	79	73	21	
40	82	26	70	87	60	31	45	65	17	77	20	60	48	20	89	50	58	34	87	
27	27	83	53	83	53	69	35	59	38	68	74	1	18	35	93	7	11	34	58	
72	43	65	30	8	91	46	36	35	80	64	70	50	58	17	20	93	14	27	82	
19	84	93	62	27	62	13	72	57	25	47	71	25	72	60	90	88	3	57	96	
69	67	12	23	4	42	61	63	7	0	39	87	88	12	66	33	7	29	83	36	
26	91	18	50	43	66	7	42	56	79	64	18	24	8	86	10	93	8	40	52	
12	51	76	53	5	73	93	40	91	88	34	4	80	94	9	12	98	57	38	64	
22	8	45	56	59	77	90	36	65	40	99	90	69	92	62	0	57	73	69	42	
16	69	12	8	38	39	24	78	15	85	27	48	54	65	1	0	7	34	57	55	
60	29	20	5	86	17	81	52	61	8	68	95	17	33	27	66	57	72	43	94	
31	41	53	11	78	87	27	16	21	56	39	42	41	34	31	91	98	94	91	3	
16	77	20	93	65	29	88	17	4	66	1	75	38	62	31	17	98	40	60	71	
33	46	16	49	6	80	41	93	5	85	16	47	93	91	31	41	4	5	45	82	
15	77	27	86	65	4	45	74	26	95	10	71	26	57	3	61	33	0	27	88	
76	7	68	8	55	2	48	59	57	16	27	39	13	13	35	35	55	25	21	27	
78	61	90	45	81	10	21	97	73	67	39	99	83	7	26	40	79	32	50	8	
44	47	59	54	71	30	5	20	22	63	91	85	0	94	83	97	58	20	25	63	
57	30	7	15	25	83	56	87	32	15	27	67	4	84	69	24	39	67	72	87	
58	2	55	48	84	55	96	63	47	0	44	33	43	16	56	85	88	28	29	5	
83	70	73	70	57	95	41	17	97	51	33	38	94	70	23	27	4	20	62	92	
87	37	92	20	18	94	29	9	28	5	57	16	19	18	24	62	44	93	27	31	
26	21	56	78	24	6	65	43	21	2	5	18	13	37	3	62	47	21	66	27	
19	71	50	48	15	20	69	19	24	97	89	31	29	34	14	94	31	24	0	17	
78	18	74	36	80	97	91	59	72	13	12	61	20	87	33	34	11	7	61	78	
22	47	94	35	55	78	61	39	92	69	93	51	63	1	16	19	62	7	80	76	
93	92	64	53	66	25	81	80	38	36	12	27	67	59	16	75	98	24	42	29	
13	43	64	84	52	50	2	57	72	1	20	57	14	64	11	73	21	6	57	87	
68	17	59	7	44	8	69	15	96	77	10	44	16	62	55	70	0	92	13	10	
98	75	43	44	36	27	95	17	22	64	47	84	27	50	71	68	74	57	8	2	
21	96	84	76	98	27	54	68	2	23	78	31	60	17	63	38	66	24	22	81	
23	0	1	98	95	99	75	34	40	58	37	76	67	44	79	93	5	22	6	18	
87	92	77	56	4	47	34	36	45	68	72	66	17	88	68	35	93	92	87	91	
8	57	98	77	53	68	27	41	77	92	40	84	59	29	29	82	69	76	34	64	
35	96	30	80	26	15	80	31	92	1	6	25	43	67	91	26	43	42	66	13	
95	20	20	76	68	76	11	11	90	57	53	0	67	63	70	0	32	68	38	92	
62	9	33	73	51	85	39	77	6	50	51	4	3	16	54	43	28	12	88	83	
76	0	6	22	98	51	50	84	87	20	38	75	5	51	52	16	89	85	87	73	
15	26	0	56	64	84	25	47	0	79	46	28	11	9	38	74	94	89	35	1	
21	6	62	39	98	96	4	65	44	61	17	57	85	22	36	69	25	50	68	86	
24	8	69	32	22	54	55	2	60	49	27	54	41	78	43	43	44	67	10	29	
37	49	80	48	58	93	48	21	17	61	93	47	92	53	18	1	13	88	45	68	
54	98	14	46	72	38	37	43	50	3	64	81	60	50	6	25	40	98	46	52	
28	7	15	12	50	56	95	12	99	19	45	15	66	25	94	94	91	45	84	80	
58	18	23	26	21	58	52	35	2	58	63	23	48	94	75	39	24	47	68	55	
13	81	44	58	59	48	12	24	26	59	39	3	15	24	37	0	45	1	54	54	
51	34	70	73	57	58	74	92	44	90	62	7	18	56	38	19	95	20	61	93	
77	77	57	86	8	96	45	6	39	10	58	17	45	23	46	35	62	43	11	57	
32	46	28	26	45	54	1	37	0	26	70	16	48	97	88	69	4	53	47	36	
32	81	43	45	44	13	70	45	14	76	17	7	55	42	73	46	36	52	12	68	
73	56	44	71	15	96	82	15	58	72	69	83	72	50	23	7	3	20	86	13	
24	4	54	24	49	72	7	74	90	75	1	37	72	44	89	64	90	15	26	96	
91	30	63	38	69	8	64	20	47	81	59	7	46	86	39	49	55	1	8	4	
48	36	70	3	78	51	52	65	38	24	63	24	74	9	39	39	87	93	84	56	
88	25	22	62	46	50	0	25	60	13	22	89	34	79	97	16	25	33	66	53	
93	94	73	31	68	20	38	8	22	51	2	79	70	63	29	88	68	83	61	39	
5	83	49	93	40	46	50	75	44	67	41	98	0	81	15	19	13	82	41	91	
38	45	1	84	55	3	34	32	0	38	10	38	14	83	79	26	24	29	13	98	
26	75	32	59	88	6	91	28	4	14	15	88	99	13	1	57	94	65	99	67	
13	14	4	39	78	9	27	98	56	55	1	81	42	90	13	98	96	40	46	6	
14	41	82	45	1	61	98	91	18	19	47	59	94	36	2	95	81	19	22	97	
38	44	94	65	30	91	97	54	10	74	58	68	75	52	60	96	58	50	10	37	
10	4	37	74	20	24	97	44	9	14	80	14	68	80	56	81	68	71	86	44	
89	98	19	95	98	86	88	14	81	79	46	27	81	7	54	87	68	76	33	78	
16	98	95	39	15	22	65	10	61	58	58	23	28	34	84	47	81	79	9	24	
16	3	35	25	97	2	38	17	68	69	66	59	68	98	25	39	71	32	62	0	
61	6	42	45	80	53	28	99	2	68	12	31	77	8	81	95	25	85	36	29	
7	3	72	85	23	22	90	8	47	69	59	32	97	51	30	89	73	19	85	64	
93	75	25	95	35	50	80	20	37	56	10	71	61	78	90	20	44	7	63	96	
25	62	33	9	41	78	71	17	42	28	64	16	44	20	22	36	41	58	56	71	
1	70	70	47	46	72	30	35	47	88	41	81	24	52	38	16	79	30	93	12	
19	66	79	60	86	25	41	12	82	69	19	74	68	63	24	93	60	26	92	35	
24	55	30	55	71	43	76	23	10	28	18	78	3	45	68	56	51	97	69	38	
8	10	9	57	63	54	99	45	53	6	9	39	49	48	99	0	51	24	78	6	
35	74	51	62	61	18	6	50	51	85	24	95	78	54	15	76	19	26	76	98	
33	77	66	82	54	99	31	74	93	94	29	70	73	9	90	91	84	1	71	30	
18	58	79	81	33	82	18	60	36	54	75	27	36	32	19	56	38	93	0	12	
79	62	29	75	51	7	18	57	33	78	80	54	69	38	51	62	87	57	20	57	
73	85	66	36	13	46	8	36	86	46	16	45	58	86	39	83	24	20	42	77	
91	59	67	23	70	44	49	44	66	26	47	25	66	57	22	16	79	46	11	85	
5	50	0	43	6	49	76	58	80	48	23	32	43	57	58	71	91	91	76	71	
79	94	60	78	9	81	78	91	43	86	21	86	64	25	28	4	66	55	91	98	
56	57	73	96	65	38	91	4	57	97	43	74	60	46	31	83	42	44	18	77	
95	35	25	31	5	76	0	96	56	9	82	81	95	80	52	58	20	19	38	59	
54	50	74	61	84	89	39	31	4	53	68	95	32	92	26	35	61	73	62	98	
36	3	24	32	86	16	36	45	58	79	89	18	92	90	81	84	38	16	93	52	
16	22	87	25	65	6	24	67	87	88	19	89	59	61	28	32	78	47	29	93	
11	28	9	15	4	97	16	32	47	53	23	57	18	30	91	94	77	57	88	0	
53	54	20	95	80	31	79	25	19	4	32	78	28	14	78	8	41	76	96	64	
71	20	40	65	77	59	48	87	72	56	99	10	97	31	36	92	74	73	72	51	
84	66	70	26	71	29	94	90	22	74	60	28	58	32	83	59	79	66	21	67	
70	54	36	48	22	5	55	61	7	18	91	32	25	55	44	0	50	3	31	84	
94	8	62	30	48	32	67	81	35	61	26	72	96	35	87	61	54	24	21	76	
26	72	43	4	66	4	45	43	8	81	78	6	56	39	85	38	12	30	53	90	
20	38	91	5	5	74	4	97	68	20	51	37	11	85	19	84	27	39	73	92	
88	69	67	75	82	23	86	13	60	57	89	42	80	84	52	89	78	4	49	66	
12	50	60	78	57	77	42	64	6	16	70	89	95	49	76	22	25	69	8	87	
4	95	49	9	53	77	70	49	8	58	14	10	64	97	99	65	14	22	95	8	
74	87	75	53	62	50	75	98	16	6	40	7	57	93	90	21	64	53	57	18	
60	82	27	2	92	73	99	30	6	69	1	21	59	82	33	49	52	15	29	23	
29	51	58	23	12	75	83	50	8	59	87	18	25	68	5	93	97	31	65	89	
16	51	75	0	12	88	92	72	51	67	66	53	0	98	91	71	9	61	35	98	
10	58	7	48	39	84	78	21	66	40	67	33	17	48	4	44	59	42	78	28	
61	23	4	94	29	5	40	35	70	26	96	71	46	70	12	56	7	32	58	84	
93	11	85	51	17	81	90	19	36	86	18	66	6	53	67	34	5	84	9	15	
37	2	42	39	99	91	93	90	49	65	69	63	87	23	86	54	57	43	37	67	
47	18	35	16	16	1	45	66	23	7	71	95	7	1	38	55	83	42	3	55	
40	38	33	72	56	97	62	50	46	31	80	21	63	83	15	50	82	29	4	4	
83	57	60	94	34	78	47	40	88	5	55	51	13	10	4	54	28	27	75	59	
78	52	48	13	27	3	54	63	71	74	31	55	50	88	31	91	49	81	37	34	
36	41	41	70	5	34	53	72	92	48	83	9	78	38	93	39	14	40	67	52	
40	56	36	31	77	18	7	19	51	19	15	50	80	32	32	84	66	82	81	27	
61	97	75	94	25	22	62	11	29	47	9	52	76	45	53	80	6	89	41	68	
82	60	73	75	10	38	69	31	69	69	62	97	11	27	60	22	48	18	44	97	
2	56	27	97	63	56	89	11	89	79	21	30	69	32	71	76	85	74	52	28	
12	46	61	1	93	84	2	99	0	59	13	25	73	70	73	62	14	12	89	63	
83	4	50	37	43	13	22	15	58	0	66	30	2	48	45	96	99	32	30	39	
5	49	67	78	71	67	65	96	82	59	57	62	67	13	67	87	85	64	88	11	
96	54	60	17	52	18	21	30	94	60	55	37	70	87	78	80	45	83	90	61	
72	42	83	95	8	48	34	35	79	86	66	47	22	63	2	62	72	21	66	17	
10	49	77	28	37	28	90	30	79	40	88	1	80	31	84	67	64	66	33	51	
36	60	30	21	4	47	54	20	39	65	69	85	97	14	95	20	8	89	50	43	
36	21	87	23	78	60	9	22	69	95	50	52	55	98	6	12	47	12	94	94	
66	56	32	94	84	97	84	2	7	35	39	86	18	30	53	92	44	64	13	24	
45	92	8	40	31	97	22	40	74	87	63	16	94	94	79	34	23	92	85	10	
44	58	85	10	0	90	36	87	31	64	40	90	44	54	29	24	96	13	66	84	
95	28	35	72	68	18	49	97	16	40	40	28	91	37	5	22	62	76	78	2	
95	62	68	33	59	15	70	25	5	46	79	56	92	70	70	44	27	2	60	19	
45	55	97	53	33	56	26	60	22	60	42	30	26	69	44	8	78	77	37	66	
35	65	19	20	3	99	47	45	24	69	26	45	18	99	55	16	98	62	69	78	
94	39	77	68	21	63	90	54	18	81	27	43	63	95	32	32	33	25	52	71	
32	61	26	94	48	97	87	21	35	87	0	35	23	23	63	42	91	8	54	85	
53	31	17	82	80	83	25	64	20	34	55	21	15	92	87	35	49	17	81	72	
22	14	40	12	24	94	17	96	18	72	27	44	47	41	72	22	48	41	92	32	
56	10	28	59	66	74	10	68	55	15	55	68	67	82	13	7	7	80	74	3	
31	29	73	20	85	45	30	65	28	87	82	15	79	37	69	55	41	79	64	52	
51	83	15	31	26	55	18	83	25	47	11	96	5	27	60	33	26	6	79	6	
87	43	83	70	80	17	44	44	81	87	55	40	55	69	63	14	41	90	61	46	
35	17	5	48	77	78	49	74	82	26	21	79	34	3	11	4	94	71	97	31	
19	46	52	83	94	48	29	74	3	56	14	9	23	69	3	94	42	4	50	29	
85	27	88	94	42	90	12	59	44	79	12	92	5	8	85	67	72	93	82	90	
8	72	3	43	18	65	42	32	78	41	10	50	46	88	66	76	3	68	58	58	
28	50	23	0	40	78	94	92	68	17	48	16	77	14	27	31	79	1	15	62	
88	80	38	44	52	53	32	74	65	77	48	62	39	30	37	59	45	21	50	99	
32	32	72	56	30	53	31	0	92	4	40	83	50	85	30	37	65	83	52	16	
59	81	21	79	83	15	36	47	16	49	68	99	59	13	85	58	92	35	58	62	
69	28	12	44	37	30	29	74	75	1	78	69	1	61	63	70	37	71	42	45	
11	19	27	92	84	62	36	80	80	24	96	10	40	95	26	36	24	67	29	31	
65	21	50	85	8	42	46	69	51	36	5	60	23	66	75	59	89	7	27	62	
7	86	61	94	35	29	89	61	39	85	44	25	67	5	50	86	23	93	43	76	
74	37	8	62	23	92	27	81	63	87	36	79	41	21	85	51	43	22	95	83	
98	52	72	12	19	98	10	28	88	73	1	31	26	76	8	11	30	65	23	52	
13	4	86	80	42	38	25	48	87	75	76	22	87	7	97	57	85	54	96	20	
22	50	27	93	33	49	98	98	38	78	89	52	56	4	22	43	54	63	67	88	
10	87	60	85	60	25	66	87	92	32	25	98	85	47	74	44	5	86	26	87	
57	73	70	47	62	68	64	96	17	92	51	39	42	4	78	54	79	11	17	41	
32	67	91	89	41	69	10	74	62	4	97	46	99	82	55	16	6	79	74	47	
63	48	75	95	64	92	61	96	96	52	10	55	51	80	77	43	63	22	96	75	
72	3	47	24	92	12	28	73	21	3	33	45	15	73	32	71	48	12	11	8	
59	94	0	7	49	91	72	51	73	35	7	3	47	61	11	59	63	81	46	24	
21	65	88	45	69	77	39	54	66	74	6	44	47	88	94	98	60	21	81	56	
8	25	85	80	75	89	94	75	38	52	19	64	33	59	34	97	47	56	42	84	
24	7	69	88	67	63	98	9	52	84	46	14	12	41	11	28	90	86	14	50	
49	53	80	22	20	42	29	43	87	81	31	19	71	23	27	11	37	11	65	37	
87	0	96	95	75	55	80	37	52	22	41	26	65	12	60	47	43	19	45	43	
64	8	72	55	46	36	96	41	22	14	1	83	14	88	48	70	6	57	20	14	
49	35	43	32	28	69	55	24	88	60	6	58	70	18	57	64	84	50	25	51	
11	3	30	50	77	86	5	15	16	48	64	71	15	49	5	52	34	3	91	93	
60	68	42	85	74	28	1	44	66	24	11	68	30	68	8	39	12	64	52	44	
86	47	91	16	19	31	84	62	24	20	37	3	94	40	26	45	38	60	20	6	
71	49	3	74	4	59	91	91	12	30	58	19	61	95	8	11	94	68	27	87	
70	44	78	65	97	77	86	56	39	14	45	4	22	20	27	82	21	51	58	58	
66	8	33	21	75	54	9	0	22	24	67	16	54	35	81	1	12	3	34	47	
58	13	8	37	60	82	75	80	51	57	62	30	29	26	9	62	17	28	93	97	
92	25	77	41	11	28	7	8	95	76	36	37	57	72	90	36	42	82	79	71	
94	13	40	78	12	27	86	97	56	25	45	54	54	62	63	62	62	54	4	35	
24	40	87	86	7	58	89	19	15	26	31	15	73	86	36	6	92	57	30	94	
80	90	5	1	94	15	66	37	28	48	30	60	74	43	74	95	21	10	96	7	
46	87	63	97	61	24	6	52	48	86	37	63	18	28	86	40	7	86	71	62	
11	22	76	26	55	42	24	8	30	38	62	25	57	59	36	74	94	92	1	34	
51	80	95	37	69	80	2	31	82	70	54	19	88	48	39	0	85	43	4	36	
56	52	4	58	33	44	85	42	36	68	33	56	50	1	23	0	69	46	59	99	
14	44	54	63	72	11	52	82	83	45	44	94	74	9	41	52	47	21	73	36	
16	58	53	79	36	33	40	38	48	8	21	73	29	49	52	1	63	42	96	58	
40	95	15	92	52	90	56	15	28	23	35	20	79	43	92	97	88	37	3	55	
20	40	31	63	54	22	75	17	36	49	56	4	51	50	80	4	47	85	93	82	
62	71	0	73	86	44	31	10	63	40	35	44	40	74	13	67	78	38	32	67	
35	61	48	74	9	58	79	31	57	51	66	98	14	32	12	66	25	47	5	43	
3	57	92	65	71	54	1	71	98	7	69	0	24	73	77	33	79	63	68	19	
62	13	40	27	65	97	13	35	95	8	65	68	65	32	52	37	65	34	99	93	
33	31	27	64	9	5	11	84	7	70	65	26	2	18	41	17	60	28	0	45	
71	78	13	88	91	50	32	60	17	77	35	44	4	29	65	79	4	99	65	45	
16	61	3	95	46	45	68	99	40	37	47	62	6	82	35	25	55	23	0	82	
42	25	2	22	91	24	6	54	63	99	28	73	13	62	85	28	45	29	53	88	
73	55	10	72	37	96	55	81	10	76	18	69	50	92	17	13	59	49	98	47	
94	3	30	28	76	95	13	90	64	58	28	86	73	17	4	57	9	29	53	9	
81	20	57	71	66	83	24	4	17	8	3	73	46	97	71	61	46	1	85	88	
82	34	34	85	23	0	47	58	18	1	74	75	27	3	81	51	92	71	14	78	
30	69	50	46	63	26	35	50	60	34	59	79	15	57	88	36	40	25	14	55	
30	38	82	81	95	46	67	86	88	57	53	55	52	80	18	83	84	6	40	15	
62	75	78	42	88	82	25	2	71	90	26	63	70	95	16	86	34	90	44	91	
30	85	52	62	38	74	48	16	13	49	97	35	36	0	78	28	81	9	3	55	
2	36	33	23	47	72	59	24	40	53	6	50	62	80	32	2	92	21	65	50	
77	42	32	90	53	44	41	97	80	11	31	37	27	27	38	71	39	53	65	68	
98	59	97	72	53	68	16	68	76	82	80	60	61	49	58	95	69	3	71	23	
47	40	73	90	30	7	49	29	43	93	25	96	23	69	72	54	2	48	60	8	
45	11	14	87	40	2	98	68	43	22	84	55	27	71	51	84	65	64	7	47	
73	76	92	62	45	93	41	50	54	36	95	42	67	8	89	64	13	3	22	14	
97	95	53	38	56	17	37	8	52	0	2	1	94	51	29	64	88	10	63	3	
64	76	42	86	76	36	97	73	86	45	75	73	11	24	94	53	72	51	57	73	
17	23	32	28	49	12	93	64	35	90	35	95	85	86	92	91	16	59	3	58	
31	56	99	91	8	60	93	31	73	23	42	25	31	78	89	98	88	36	41	15	
46	12	95	52	52	87	28	70	49	41	96	64	47	99	51	18	89	10	80	79	
39	24	42	16	88	90	0	15	3	48	5	18	62	78	18	70	39	55	8	83	
13	71	81	16	45	75	7	4	69	29	21	31	37	5	14	46	56	90	15	76	
34	90	51	47	39	9	67	60	83	56	87	52	24	19	6	63	74	76	49	21	
46	9	67	89	5	15	49	11	25	7	91	65	48	95	78	11	76	56	57	63	
41	74	15	81	1	35	86	15	68	54	63	37	14	3	79	45	20	56	57	28	
72	65	63	92	78	32	22	73	55	98	0	34	35	75	37	83	5	27	50	6	
63	81	54	25	23	0	5	9	64	21	80	67	3	19	91	48	6	3	89	59	
91	32	98	77	68	11	61	82	33	77	36	53	60	86	82	74	20	36	15	62	
40	72	97	86	54	55	17	72	81	33	91	52	60	95	17	99	6	82	41	9	
95	98	35	28	14	77	8	46	56	55	79	48	48	45	22	32	68	90	30	61	
16	32	37	31	13	81	29	61	14	14	79	37	59	97	45	1	81	39	48	40	
23	96	62	38	86	5	72	95	5	30	8	86	29	52	41	35	45	48	90	59	
40	39	79	84	80	48	80	13	58	68	44	63	33	61	61	31	93	63	35	36	
14	73	85	31	35	22	0	78	24	99	84	13	16	18	80	12	85	3	99	36	
46	57	79	52	57	61	52	9	92	78	84	89	94	22	80	31	77	81	24	75	
68	33	53	71	63	37	75	24	45	85	1	27	37	44	67	48	76	53	17	54	
9	64	19	29	97	1	97	61	69	73	0	60	83	58	41	1	70	42	15	42	
75	9	56	38	7	33	55	92	69	47	94	74	84	51	20	11	31	36	94	84	
28	52	60	14	22	61	41	72	2	15	53	83	71	57	84	49	46	60	84	35	
56	77	57	83	43	46	46	43	26	98	45	61	66	80	45	73	58	28	56	96	
26	81	25	35	44	69	49	46	30	34	8	8	0	66	67	92	10	6	43	1	
17	79	18	53	78	87	32	17	49	50	69	50	99	77	61	76	82	82	29	68	
21	56	0	77	13	95	56	33	19	90	74	82	13	47	87	34	86	72	44	65	
3	34	19	29	21	2	26	66	58	23	83	24	90	38	47	74	52	14	92	13	
92	29	40	18	59	14	27	59	89	25	36	49	38	93	66	22	3	80	8	4	
91	57	11	1	89	75	53	25	21	56	29	83	46	40	97	86	97	96	3	51	
53	37	46	58	44	45	91	73	19	4	50	46	30	90	41	21	66	36	14	63	
26	79	11	14	74	67	52	80	91	59	40	2	82	62	89	58	54	11	15	59	
93	50	12	83	62	43	98	98	66	82	74	30	81	48	77	48	40	93	35	43	
7	61	89	25	77	76	65	63	30	85	72	59	3	7	20	41	36	35	28	33	
48	0	93	19	32	2	62	24	55	92	55	4	83	80	20	82	2	25	41	13	
70	47	52	46	93	33	33	11	69	66	23	48	87	53	79	30	57	95	73	38	
79	32	72	79	40	45	67	69	63	97	62	17	60	48	37	24	29	80	56	27	
73	86	80	31	13	12	19	70	2	45	37	65	95	20	8	22	92	57	78	40	
71	98	14	86	91	30	15	42	44	78	26	82	29	70	62	96	94	83	23	35	
43	71	44	53	57	79	93	87	83	29	64	56	30	41	20	31	34	69	48	16	
26	70	95	33	50	18	9	72	20	37	95	66	99	87	85	46	92	12	71	15	
95	7	57	52	32	22	76	8	34	1	21	16	59	47	8	54	23	69	57	16	
10	17	39	8	36	67	57	6	58	32	9	92	20	79	76	81	93	72	34	78	
75	89	70	94	42	78	69	93	2	49	21	99	54	90	12	1	29	63	24	40	
41	73	12	21	9	86	20	89	58	3	44	39	64	84	2	20	36	21	26	96	
77	46	0	20	0	23	58	99	31	49	17	72	8	48	45	19	54	24	8	49	
35	44	42	73	42	7	8	50	8	71	42	21	41	86	82	46	20	26	47	91	
88	44	4	1	20	37	84	6	91	57	66	61	98	77	13	75	70	89	13	49	
70	31	14	87	93	93	66	46	84	80	30	78	46	6	74	28	7	72	93	19	
99	86	58	63	60	69	79	74	84	21	9	35	7	94	19	90	42	75	88	29	
68	98	9	4	71	31	1	64	34	92	30	8	31	23	45	80	17	98	9	12	
12	10	46	44	46	37	57	7	95	19	35	48	82	92	84	31	37	99	23	76	
76	52	6	70	44	37	39	71	29	96	96	84	55	86	72	51	54	89	28	60	
60	91	13	19	62	37	87	18	60	92	75	38	25	47	31	39	46	73	32	99	
24	7	97	34	30	99	63	51	67	63	86	41	24	81	72	15	87	67	60	53	
22	21	78	88	18	78	79	83	92	26	57	95	43	92	91	17	36	40	28	39	
17	80	90	71	85	38	13	29	17	53	20	46	49	91	52	78	33	72	69	39	
5	97	57	15	37	43	93	13	76	51	52	74	6	55	46	69	23	54	47	70	
41	13	68	76	32	89	60	77	40	94	15	5	44	68	22	24	27	40	34	1	
96	82	29	92	20	48	96	4	58	92	48	37	13	32	13	50	77	66	26	42	
97	2	31	97	2	98	67	11	13	82	44	52	6	2	1	47	83	30	50	27	
18	25	84	69	84	81	85	37	64	53	95	56	79	94	61	49	93	24	60	84	
97	7	76	37	43	51	92	58	77	4	48	4	9	76	5	25	40	52	36	71	
34	60	83	62	14	67	99	32	11	79	64	38	98	48	62	72	67	2	1	52	
21	7	47	0	59	76	11	45	12	78	64	64	49	93	14	95	18	99	32	36	
75	44	6	42	71	63	67	22	97	79	23	54	10	19	64	50	34	89	13	45	
3	94	79	83	22	4	22	97	42	25	56	76	3	47	46	0	54	87	89	58	
29	43	7	29	55	50	38	50	89	41	72	83	43	3	19	73	28	71	13	29	
48	70	95	35	70	89	94	77	11	46	50	45	71	8	48	39	59	6	25	31	
53	66	9	23	1	35	68	33	74	3	13	16	68	8	11	29	46	88	96	98	
73	56	47	1	68	13	7	29	65	28	38	90	73	25	30	80	3	26	64	21	
12	43	63	45	1	54	70	12	48	97	39	72	4	54	58	54	94	2	38	8	
99	88	57	68	66	90	87	53	61	95	65	12	16	87	45	7	77	91	86	42	
80	63	91	16	71	99	1	68	13	30	54	93	53	66	59	97	22	25	24	98	
26	17	61	57	91	13	12	27	48	98	28	98	11	17	45	21	98	33	64	50	
97	71	38	45	36	98	55	59	25	33	69	30	12	20	51	32	57	6	40	15	
24	55	23	83	42	39	31	12	16	21	70	99	48	97	98	50	19	74	61	26	
98	79	39	0	76	45	40	74	30	73	53	76	80	69	76	54	12	7	31	66	
95	51	81	88	41	99	29	52	59	51	10	12	30	8	4	68	54	72	72	29	
6	7	95	22	99	87	66	51	24	3	41	18	8	75	24	33	85	39	22	10	
51	91	76	53	20	53	55	77	46	54	3	81	43	79	89	0	98	80	7	69	
51	50	30	94	9	94	80	77	3	59	19	28	98	10	98	76	16	25	35	42	
96	69	37	65	95	79	18	69	12	31	42	24	14	88	96	0	60	37	64	90	
10	53	0	87	82	40	66	49	52	36	13	0	11	3	47	17	91	20	47	88	
88	28	26	12	17	33	46	9	53	39	68	82	35	19	61	65	39	44	69	44	
71	40	65	76	51	89	80	10	11	39	34	60	52	40	88	33	15	63	63	44	
45	56	67	2	99	48	74	50	26	82	93	63	67	44	77	45	81	70	3	62	
57	73	5	54	13	71	63	7	65	64	91	71	44	89	86	73	29	89	24	32	
36	75	20	15	64	2	2	64	11	78	73	58	79	30	17	78	65	63	78	50	
53	82	95	13	11	70	10	84	88	95	25	71	84	92	15	36	94	88	19	14	
42	36	26	83	41	31	81	29	23	96	55	31	55	0	90	86	42	77	20	74	
9	54	42	75	71	74	71	61	71	57	24	46	92	49	98	64	18	39	67	94	
68	50	31	63	4	96	13	55	25	62	57	20	94	85	34	74	21	88	91	28	
25	64	81	9	29	49	40	69	61	83	63	82	48	7	28	15	29	81	19	36	
29	21	85	45	27	75	82	47	84	71	54	39	48	34	53	25	69	77	94	43	
16	20	31	17	79	10	72	22	65	93	33	70	35	78	55	80	34	71	93	75	
15	38	23	39	93	7	29	1	89	79	88	13	54	1	38	70	53	53	15	4	
88	22	49	33	14	62	11	62	23	82	35	59	79	68	77	95	44	97	84	98	
11	79	40	68	13	35	45	49	46	86	48	74	0	47	97	70	84	72	61	96	
32	69	93	9	15	17	67	18	6	58	44	74	18	86	13	69	73	31	80	73	
72	33	36	78	49	87	82	8	97	20	0	95	27	13	3	56	91	7	71	87	
53	17	34	26	7	30	48	48	42	91	65	84	96	97	37	37	54	39	30	96	
55	75	53	97	4	28	3	15	0	92	23	79	62	84	35	88	86	96	13	48	
18	34	21	35	34	35	1	36	31	97	35	98	97	73	8	90	97	44	52	44	
85	41	83	95	57	88	73	2	82	53	43	44	54	87	48	69	55	66	17	22	
93	96	20	66	81	35	80	54	44	32	31	12	86	1	10	91	73	61	18	66	
15	50	72	29	91	70	35	8	2	65	37	38	69	62	42	45	15	35	40	35	
42	44	66	68	96	88	14	33	99	37	89	82	71	10	13	17	25	10	44	67	
28	1	31	58	95	27	87	38	19	73	35	55	41	84	23	49	13	91	59	33	
29	1	91	92	62	42	22	49	63	74	1	85	16	31	49	61	57	61	58	52	
48	66	62	87	97	79	1	68	97	26	31	64	27	22	1	51	3	54	52	51	
84	5	89	48	73	33	14	76	43	10	32	95	85	84	85	33	91	28	71	28	
0	69	3	62	76	9	69	62	23	74	90	9	17	74	99	70	75	8	50	34	
91	96	37	4	38	43	71	76	2	0	47	38	23	75	64	22	29	87	38	59	
54	28	89	98	6	42	38	46	65	16	64	1	17	56	36	85	99	61	48	41	
45	61	36	50	37	63	96	31	10	41	27	99	81	95	83	8	40	10	68	79	
80	21	11	18	16	19	59	25	57	23	2	85	69	95	51	24	66	2	44	37	
23	78	50	3	76	0	15	74	96	3	37	93	90	24	91	17	36	34	29	57	
16	50	37	40	21	79	56	50	93	73	91	66	52	49	22	15	27	8	97	26	
72	33	28	47	42	1	47	88	49	70	83	65	1	86	3	75	77	44	91	58	
77	16	94	11	79	36	14	69	32	30	53	92	6	65	0	3	89	56	86	73	
71	75	56	97	46	63	84	64	95	3	53	17	7	1	76	26	75	11	50	55	
76	30	92	81	27	1	34	76	69	41	90	57	85	6	56	38	75	87	1	17	
6	80	7	9	44	79	34	40	29	19	62	75	61	6	4	91	11	24	33	18	
7	84	24	84	48	7	68	69	81	87	12	84	11	61	28	52	9	16	57	52	
83	28	70	35	70	30	98	25	27	62	9	25	98	26	63	43	68	53	73	95	
93	26	17	95	70	28	51	73	16	32	46	80	20	83	87	84	78	66	91	14	
74	14	26	66	1	94	15	54	83	39	71	72	78	21	30	64	41	93	40	76	
27	82	51	24	42	38	74	6	16	6	73	40	5	66	50	54	43	88	33	77	
84	63	70	68	45	10	93	77	59	17	47	8	22	78	95	52	51	63	69	92	
59	89	59	89	75	1	21	67	24	3	81	37	80	5	77	77	8	94	57	79	
80	61	37	2	72	29	99	2	9	29	85	23	87	76	49	57	9	44	49	19	
93	74	92	95	1	81	90	37	19	42	54	11	53	0	24	22	83	51	85	23	
24	96	85	57	56	86	75	57	86	24	54	35	49	60	36	83	80	63	72	35	
77	34	4	6	31	66	5	77	25	9	35	2	78	74	97	98	51	81	35	73	
80	69	10	83	60	43	52	93	96	88	64	44	43	53	10	15	10	2	76	7	
29	41	22	9	96	29	70	98	97	66	16	15	13	75	83	42	7	74	39	77	
39	24	5	15	39	6	44	74	33	70	41	36	13	52	74	81	15	84	11	28	
42	24	43	55	34	28	15	48	28	3	39	4	48	92	17	58	94	21	96	98	
49	58	38	0	87	36	26	20	39	15	23	21	13	6	20	27	92	69	61	57	
29	59	35	49	27	64	20	1	9	45	17	10	35	46	99	85	70	14	42	14	
5	1	75	55	86	28	37	5	72	32	4	10	39	11	43	29	12	51	7	45	
81	41	80	2	25	26	6	68	51	22	71	74	38	75	4	4	28	11	77	25	
21	35	75	69	84	7	32	57	37	55	87	80	80	13	22	38	75	9	45	55	
41	17	12	96	41	46	33	87	11	20	43	66	6	88	57	92	92	64	74	23	
35	78	31	72	56	43	24	81	60	82	52	22	75	71	30	3	74	12	98	60	
1	73	29	78	17	81	64	75	1	86	72	81	75	8	94	3	84	25	65	21	
2	41	26	17	25	16	5	82	39	26	19	85	55	6	26	24	80	26	42	88	
50	82	18	94	46	28	55	68	95	9	5	55	27	42	19	36	8	43	0	46	
27	14	12	56	38	35	67	92	93	8	53	87	3	77	16	53	30	44	40	63	
9	59	19	36	92	52	98	74	20	90	58	49	41	14	10	63	69	22	88	64	
61	99	57	20	21	84	58	13	92	36	41	51	14	42	67	57	1	9	93	93	
10	30	18	70	13	98	93	84	72	23	84	46	32	76	16	80	94	50	94	73	
23	95	57	30	11	83	66	42	87	83	96	63	65	41	61	87	24	65	79	99	
88	3	4	2	30	0	58	84	92	71	10	17	99	2	53	80	79	83	69	89	
26	1	94	37	2	54	3	15	99	96	83	67	79	72	18	27	29	69	12	89	
